-647.824 16.1667
-646.758 16.0133
-645.693 14.7944
-644.628 14.5353
-643.562 14.268
-642.497 14.0074
-641.431 13.7423
-640.365 13.4792
-639.3 13.2334
-638.234 12.9976
-637.169 12.76
-636.104 12.5388
-635.038 12.3195
-633.972 12.0995
-632.907 11.8894
-631.841 11.6889
-630.776 11.4844
-629.711 11.2975
-628.645 11.1172
-627.58 10.9377
-626.514 10.7601
-625.448 10.5922
-624.383 10.4172
-623.318 10.2497
-622.252 10.0881
-621.187 9.9192
-620.121 9.75127
-619.055 9.59256
-617.99 9.42514
-616.924 9.25732
-615.859 9.10903
-614.794 8.96285
-613.728 8.80815
-612.662 8.6572
-611.597 8.5041
-610.531 8.34954
-609.466 8.19913
-608.401 8.042
-607.335 7.88364
-606.269 7.73447
-605.204 7.58868
-604.138 7.43399
-603.073 7.27934
-602.008 7.12866
-600.942 6.96941
-599.877 6.83029
-598.811 6.69935
-597.745 6.56505
-596.68 6.43067
-595.615 6.29783
-594.549 6.1632
-593.484 6.02507
-592.418 5.88653
-591.352 5.74732
-590.287 5.61047
-589.221 5.47748
-588.156 5.34669
-587.091 5.22157
-586.025 5.09753
-584.959 4.9667
-583.894 4.83088
-582.828 4.69993
-581.763 4.56731
-580.698 4.43472
-579.632 4.3072
-578.567 4.18338
-577.501 4.05205
-576.435 3.92833
-575.37 3.80103
-574.305 3.67378
-573.239 3.55188
-572.174 3.43758
-571.108 3.32015
-570.042 3.20374
-568.977 3.09084
-567.911 2.96916
-566.846 2.85092
-565.781 2.74358
-564.715 2.63174
-563.649 2.52315
-562.584 2.41573
-561.518 2.30242
-560.453 2.1909
-559.388 2.08726
-558.322 1.97465
-557.256 1.85744
-556.191 1.75143
-555.125 1.64466
-554.06 1.53346
-552.995 1.43559
-551.929 1.33951
-550.864 1.23707
-549.798 1.13815
-548.732 1.03613
-547.667 0.934262
-546.602 0.839101
-545.536 0.745896
-544.471 0.644986
-543.405 0.547991
-542.339 0.451729
-541.274 0.349721
-540.208 0.251865
-539.143 0.159936
-538.078 0.06267
-537.012 -0.028129
-535.946 -0.115334
-534.881 -0.199973
-533.815 -0.281277
-532.75 -0.351645
-531.685 -0.427929
-530.619 -0.498942
-529.554 -0.563236
-528.488 -0.634024
-527.422 -0.706514
-526.357 -0.772663
-525.292 -0.845779
-524.226 -0.919517
-523.161 -0.982564
-522.095 -1.04974
-521.029 -1.1144
-519.964 -1.17645
-518.898 -1.24399
-517.833 -1.31539
-516.768 -1.3759
-515.702 -1.4352
-514.636 -1.4946
-513.571 -1.55039
-512.505 -1.60703
-511.44 -1.6607
-510.375 -1.70906
-509.309 -1.74955
-508.243 -1.79251
-507.178 -1.83676
-506.112 -1.87785
-505.047 -1.9245
-503.982 -1.96072
-502.916 -1.99329
-501.85 -2.0322
-500.785 -2.07106
-499.72 -2.10347
-498.654 -2.14271
-497.589 -2.17743
-496.523 -2.20935
-495.457 -2.2384
-494.392 -2.26771
-493.327 -2.29374
-492.261 -2.31612
-491.195 -2.3443
-490.13 -2.3647
-489.065 -2.38834
-487.999 -2.40972
-486.934 -2.4266
-485.868 -2.43813
-484.802 -2.45491
-483.737 -2.46943
-482.672 -2.48075
-481.606 -2.49612
-480.54 -2.50962
-479.475 -2.5186
-478.409 -2.53352
-477.344 -2.54677
-476.279 -2.55237
-475.213 -2.55725
-474.147 -2.56332
-473.082 -2.5659
-472.017 -2.57344
-470.951 -2.57798
-469.885 -2.58142
-468.82 -2.5806
-467.754 -2.58047
-466.689 -2.57271
-465.624 -2.56524
-464.558 -2.5627
-463.492 -2.5533
-462.427 -2.54656
-461.362 -2.53882
-460.296 -2.52969
-459.23 -2.52037
-458.165 -2.51207
-457.099 -2.49937
-456.034 -2.48998
-454.969 -2.48342
-453.903 -2.47436
-452.837 -2.45902
-451.772 -2.44997
-450.707 -2.44175
-449.641 -2.43394
-448.576 -2.42784
-447.51 -2.42313
-446.444 -2.4079
-445.379 -2.39474
-444.314 -2.38132
-443.248 -2.36363
-442.182 -2.35412
-441.117 -2.35065
-440.052 -2.34471
-438.986 -2.33767
-437.921 -2.32919
-436.855 -2.31883
-435.789 -2.31108
-434.724 -2.31221
-433.659 -2.30562
-432.593 -2.30099
-431.527 -2.29973
-430.462 -2.28846
-429.397 -2.27994
-428.331 -2.26876
-427.266 -2.25768
-426.2 -2.24782
-425.134 -2.24535
-424.069 -2.23348
-423.004 -2.22162
-421.938 -2.21917
-420.872 -2.21935
-419.807 -2.21716
-418.741 -2.22083
-417.676 -2.22554
-416.611 -2.21986
-415.545 -2.21684
-414.479 -2.213
-413.414 -2.20814
-412.349 -2.21201
-411.283 -2.21316
-410.217 -2.21663
-409.152 -2.2226
-408.086 -2.23304
-407.021 -2.23512
-405.956 -2.23729
-404.89 -2.238
-403.824 -2.23394
-402.759 -2.23658
-401.694 -2.24937
-400.628 -2.25964
-399.562 -2.26789
-398.497 -2.27787
-397.431 -2.28007
-396.366 -2.28461
-395.301 -2.29171
-394.235 -2.29674
-393.169 -2.29993
-392.104 -2.30812
-391.039 -2.31339
-389.973 -2.31432
-388.908 -2.3243
-387.842 -2.33716
-386.776 -2.34522
-385.711 -2.3622
-384.646 -2.37896
-383.58 -2.38633
-382.514 -2.39802
-381.449 -2.41128
-380.384 -2.41843
-379.318 -2.43151
-378.253 -2.45282
-377.187 -2.46012
-376.121 -2.47375
-375.056 -2.49107
-373.991 -2.4996
-372.925 -2.50979
-371.859 -2.5288
-370.794 -2.54092
-369.728 -2.55341
-368.663 -2.56857
-367.598 -2.5805
-366.532 -2.59312
-365.466 -2.61039
-364.401 -2.62652
-363.336 -2.64564
-362.27 -2.67038
-361.204 -2.6903
-360.139 -2.70807
-359.073 -2.7229
-358.008 -2.74056
-356.943 -2.75357
-355.877 -2.77259
-354.811 -2.79358
-353.746 -2.80758
-352.681 -2.83196
-351.615 -2.85793
-350.549 -2.87514
-349.484 -2.88777
-348.418 -2.89978
-347.353 -2.91012
-346.288 -2.9243
-345.222 -2.94137
-344.156 -2.9505
-343.091 -2.96548
-342.026 -2.98041
-340.96 -2.98936
-339.895 -2.99611
-338.829 -3.011
-337.763 -3.02477
-336.698 -3.02978
-335.633 -3.04462
-334.567 -3.05168
-333.501 -3.05133
-332.436 -3.05688
-331.371 -3.06194
-330.305 -3.06176
-329.24 -3.06634
-328.174 -3.07424
-327.108 -3.07918
-326.043 -3.08641
-324.978 -3.08796
-323.912 -3.08891
-322.846 -3.09264
-321.781 -3.09434
-320.716 -3.09242
-319.65 -3.09511
-318.585 -3.1009
-317.519 -3.09674
-316.453 -3.09741
-315.388 -3.09795
-314.323 -3.09339
-313.257 -3.09016
-312.191 -3.09478
-311.126 -3.09913
-310.06 -3.09511
-308.995 -3.09084
-307.93 -3.07945
-306.864 -3.0687
-305.798 -3.06472
-304.733 -3.05397
-303.668 -3.04259
-302.602 -3.03501
-301.536 -3.02917
-300.471 -3.01979
-299.405 -3.01307
-298.34 -3.00534
-297.275 -2.98954
-296.209 -2.97655
-295.143 -2.96739
-294.078 -2.95159
-293.013 -2.94004
-291.947 -2.9255
-290.882 -2.9089
-289.816 -2.8944
-288.75 -2.88463
-287.685 -2.86576
-286.62 -2.85017
-285.554 -2.83543
-284.488 -2.81579
-283.423 -2.79695
-282.358 -2.77794
-281.292 -2.75617
-280.227 -2.72721
-279.161 -2.70294
-278.095 -2.67382
-277.03 -2.64506
-275.965 -2.62355
-274.899 -2.60321
-273.833 -2.57137
-272.768 -2.5481
-271.703 -2.5189
-270.637 -2.48731
-269.572 -2.45843
-268.506 -2.42412
-267.44 -2.3877
-266.375 -2.35565
-265.31 -2.3264
-264.244 -2.29012
-263.178 -2.26002
-262.113 -2.23459
-261.047 -2.20422
-259.982 -2.18072
-258.917 -2.16293
-257.851 -2.13662
-256.785 -2.11214
-255.72 -2.09494
-254.654 -2.07081
-253.589 -2.05023
-252.523 -2.03215
-251.458 -2.01569
-250.393 -1.99501
-249.327 -1.98407
-248.262 -1.97068
-247.196 -1.95415
-246.13 -1.942
-245.065 -1.92362
-243.999 -1.90308
-242.934 -1.8827
-241.868 -1.86145
-240.803 -1.83827
-239.738 -1.81701
-238.672 -1.80159
-237.607 -1.77626
-236.541 -1.75641
-235.475 -1.73604
-234.41 -1.71248
-233.344 -1.69287
-232.279 -1.67457
-231.214 -1.65334
-230.148 -1.63644
-229.083 -1.63136
-228.017 -1.62785
-226.952 -1.61739
-225.886 -1.61448
-224.82 -1.61228
-223.755 -1.60737
-222.689 -1.6095
-221.624 -1.60376
-220.559 -1.59488
-219.493 -1.58408
-218.428 -1.57248
-217.362 -1.5595
-216.296 -1.55617
-215.231 -1.55398
-214.165 -1.53782
-213.1 -1.53189
-212.035 -1.53255
-210.969 -1.5265
-209.904 -1.52011
-208.838 -1.51306
-207.773 -1.49333
-206.707 -1.48327
-205.641 -1.47737
-204.576 -1.46534
-203.51 -1.45658
-202.445 -1.45231
-201.38 -1.44233
-200.314 -1.42946
-199.249 -1.41973
-198.183 -1.40932
-197.117 -1.39771
-196.052 -1.39432
-194.986 -1.38898
-193.921 -1.38142
-192.855 -1.37793
-191.79 -1.36833
-190.725 -1.36049
-189.659 -1.35734
-188.594 -1.35039
-187.528 -1.34095
-186.462 -1.34023
-185.397 -1.33819
-184.331 -1.3314
-183.266 -1.33117
-182.201 -1.32917
-181.135 -1.33029
-180.07 -1.33126
-179.004 -1.33047
-177.939 -1.32952
-176.873 -1.33339
-175.807 -1.33726
-174.742 -1.33466
-173.676 -1.33713
-172.611 -1.33979
-171.546 -1.34277
-170.48 -1.34455
-169.415 -1.34523
-168.349 -1.3365
-167.283 -1.3296
-166.218 -1.32418
-165.152 -1.31497
-164.087 -1.30817
-163.021 -1.30845
-161.956 -1.30415
-160.891 -1.30172
-159.825 -1.30438
-158.76 -1.30392
-157.694 -1.307
-156.628 -1.31042
-155.563 -1.3127
-154.497 -1.30895
-153.432 -1.30231
-152.367 -1.29412
-151.301 -1.28731
-150.236 -1.28653
-149.17 -1.2884
-148.105 -1.28803
-147.039 -1.29039
-145.973 -1.29561
-144.908 -1.29227
-143.842 -1.29022
-142.777 -1.29101
-141.712 -1.28635
-140.646 -1.286
-139.581 -1.28829
-138.515 -1.28833
-137.449 -1.29445
-136.384 -1.30196
-135.318 -1.30457
-134.253 -1.3024
-133.188 -1.30536
-132.122 -1.30525
-131.057 -1.29374
-129.991 -1.28858
-128.926 -1.28451
-127.86 -1.28301
-126.795 -1.28899
-125.729 -1.29941
-124.663 -1.30314
-123.598 -1.30703
-122.533 -1.31127
-121.467 -1.31774
-120.401 -1.32177
-119.336 -1.32688
-118.271 -1.32
-117.205 -1.31746
-116.14 -1.30746
-115.074 -1.30283
-114.008 -1.305
-112.943 -1.30577
-111.878 -1.30515
-110.812 -1.31145
-109.746 -1.32
-108.681 -1.31955
-107.616 -1.32007
-106.55 -1.32326
-105.484 -1.32762
-104.419 -1.33336
-103.354 -1.34743
-102.288 -1.36221
-101.223 -1.36343
-100.157 -1.37282
-99.0915 -1.37585
-98.026 -1.36601
-96.9605 -1.35947
-95.895 -1.3559
-94.8295 -1.34847
-93.764 -1.34845
-92.6985 -1.34919
-91.633 -1.34739
-90.5675 -1.34629
-89.502 -1.34585
-88.4365 -1.34436
-87.371 -1.34009
-86.3055 -1.33948
-85.24 -1.33586
-84.1745 -1.33236
-83.109 -1.33381
-82.0435 -1.32695
-80.978 -1.32477
-79.9125 -1.32883
-78.847 -1.331
-77.7815 -1.33472
-76.716 -1.34184
-75.6505 -1.34771
-74.585 -1.34765
-73.5195 -1.35496
-72.454 -1.36002
-71.3885 -1.35975
-70.323 -1.36913
-69.2575 -1.37364
-68.192 -1.37016
-67.1265 -1.37352
-66.061 -1.37723
-64.9955 -1.37646
-63.93 -1.38618
-62.8645 -1.38855
-61.799 -1.38367
-60.7335 -1.38298
-59.668 -1.38478
-58.6025 -1.38581
-57.537 -1.3828
-56.4715 -1.38059
-55.406 -1.37575
-54.3405 -1.37303
-53.275 -1.37562
-52.2095 -1.37367
-51.144 -1.37039
-50.0785 -1.37064
-49.013 -1.37109
-47.9475 -1.37009
-46.882 -1.37426
-45.8165 -1.37714
-44.751 -1.38555
-43.6855 -1.39323
-42.62 -1.39891
-41.5545 -1.38954
-40.489 -1.38464
-39.4235 -1.37565
-38.358 -1.37043
-37.2925 -1.36707
-36.227 -1.36706
-35.1615 -1.36707
-34.096 -1.36877
-33.0305 -1.37391
-31.965 -1.37774
-30.8995 -1.38046
-29.834 -1.3872
-28.7685 -1.3883
-27.703 -1.39549
-26.6375 -1.40411
-25.572 -1.41294
-24.5065 -1.42909
-23.441 -1.44502
-22.3755 -1.4532
-21.31 -1.46071
-20.2445 -1.47125
-19.179 -1.47036
-18.1135 -1.47132
-17.048 -1.47585
-15.9825 -1.47916
-14.917 -1.48477
-13.8515 -1.49295
-12.786 -1.50078
-11.7205 -1.51032
-10.655 -1.52037
-9.5895 -1.51977
-8.524 -1.5235
-7.4585 -1.52173
-6.393 -1.51605
-5.3275 -1.51117
-4.262 -1.50685
-3.1965 -1.50787
-2.131 -1.50262
-1.0655 -1.5075
0 -1.51776
1.0655 -1.51557
2.131 -1.51415
3.1965 -1.51845
4.262 -1.51533
5.3275 -1.51798
6.393 -1.52654
7.4585 -1.53308
8.524 -1.54294
9.5895 -1.55662
10.655 -1.55813
11.7205 -1.55921
12.786 -1.56492
13.8515 -1.56221
14.917 -1.55928
15.9825 -1.56431
17.048 -1.57089
18.1135 -1.57435
19.179 -1.57819
20.2445 -1.58594
21.31 -1.59299
22.3755 -1.60135
23.441 -1.61145
24.5065 -1.62212
25.572 -1.62889
26.6375 -1.63045
27.703 -1.62519
28.7685 -1.62286
29.834 -1.625
30.8995 -1.62673
31.965 -1.6348
33.0305 -1.64127
34.096 -1.6448
35.1615 -1.64891
36.227 -1.65047
37.2925 -1.65121
38.358 -1.65618
39.4235 -1.65896
40.489 -1.66303
41.5545 -1.66524
42.62 -1.67072
43.6855 -1.6764
44.751 -1.68756
45.8165 -1.70144
46.882 -1.71038
47.9475 -1.71485
49.013 -1.72506
50.0785 -1.73486
51.144 -1.73973
52.2095 -1.74659
53.275 -1.75411
54.3405 -1.74601
55.406 -1.7452
56.4715 -1.74833
57.537 -1.74886
58.6025 -1.75351
59.668 -1.7625
60.7335 -1.77129
61.799 -1.7803
62.8645 -1.79333
63.93 -1.80436
64.9955 -1.8156
66.061 -1.82596
67.1265 -1.83095
68.192 -1.84249
69.2575 -1.85948
70.323 -1.87112
71.3885 -1.87964
72.454 -1.89382
73.5195 -1.90435
74.585 -1.91843
75.6505 -1.93677
76.716 -1.95861
77.7815 -1.97672
78.847 -1.99533
79.9125 -2.0187
80.978 -2.03968
82.0435 -2.06264
83.109 -2.08874
84.1745 -2.1176
85.24 -2.14901
86.3055 -2.18788
87.371 -2.22113
88.4365 -2.25378
89.502 -2.29244
90.5675 -2.32907
91.633 -2.37381
92.6985 -2.42724
93.764 -2.48371
94.8295 -2.53269
95.895 -2.58497
96.9605 -2.63817
98.026 -2.69661
99.0915 -2.74488
100.157 -2.79206
101.223 -2.84384
102.288 -2.89949
103.354 -2.94677
104.419 -2.99306
105.484 -3.04734
106.55 -3.10065
107.616 -3.15565
108.681 -3.21344
109.746 -3.27524
110.812 -3.34246
111.878 -3.41014
112.943 -3.47833
114.008 -3.5421
115.074 -3.60631
116.14 -3.66917
117.205 -3.73049
118.271 -3.795
119.336 -3.85759
120.401 -3.91473
121.467 -3.97427
122.533 -4.02919
123.598 -4.08558
124.663 -4.1429
125.729 -4.20071
126.795 -4.25022
127.86 -4.30724
128.926 -4.36962
129.991 -4.42381
131.057 -4.47753
132.122 -4.53179
133.188 -4.57764
134.253 -4.62071
135.318 -4.66982
136.384 -4.71408
137.449 -4.75571
138.515 -4.79679
139.581 -4.83438
140.646 -4.86702
141.712 -4.90468
142.777 -4.93924
143.842 -4.97076
144.908 -4.99916
145.973 -5.02251
147.039 -5.04699
148.105 -5.07381
149.17 -5.09266
150.236 -5.10948
151.301 -5.12843
152.367 -5.14215
153.432 -5.15463
154.497 -5.16985
155.563 -5.18523
156.628 -5.1982
157.694 -5.21108
158.76 -5.21951
159.825 -5.22393
160.891 -5.2262
161.956 -5.22978
163.021 -5.22152
164.087 -5.21101
165.152 -5.20271
166.218 -5.19454
167.283 -5.1861
168.349 -5.17864
169.415 -5.1701
170.48 -5.16174
171.546 -5.15146
172.611 -5.14209
173.676 -5.12316
174.742 -5.10539
175.807 -5.08289
176.873 -5.05786
177.939 -5.03406
179.004 -5.0053
180.07 -4.97513
181.135 -4.94706
182.201 -4.923
183.266 -4.8901
184.331 -4.8617
185.397 -4.83472
186.462 -4.80614
187.528 -4.7812
188.594 -4.76198
189.659 -4.74087
190.725 -4.7218
191.79 -4.70716
192.855 -4.69287
193.921 -4.67655
194.986 -4.66574
196.052 -4.6532
197.117 -4.64333
198.183 -4.64063
199.249 -4.62996
200.314 -4.62412
201.38 -4.62115
202.445 -4.61924
203.51 -4.61162
204.576 -4.61459
205.641 -4.60995
206.707 -4.60747
207.773 -4.60204
208.838 -4.6017
209.904 -4.60312
210.969 -4.61303
212.035 -4.62192
213.1 -4.62691
214.165 -4.63658
215.231 -4.65141
216.296 -4.66048
217.362 -4.67091
218.428 -4.68488
219.493 -4.69976
220.559 -4.70963
221.624 -4.71831
222.689 -4.73125
223.755 -4.75074
224.82 -4.7711
225.886 -4.78669
226.952 -4.79495
228.017 -4.81128
229.083 -4.82318
230.148 -4.82958
231.214 -4.84078
232.279 -4.84903
233.344 -4.85806
234.41 -4.87165
235.475 -4.88883
236.541 -4.90379
237.607 -4.92227
238.672 -4.94353
239.738 -4.96363
240.803 -4.98692
241.868 -5.00955
242.934 -5.03099
243.999 -5.04897
245.065 -5.06275
246.13 -5.06966
247.196 -5.07338
248.262 -5.07578
249.327 -5.07863
250.393 -5.08041
251.458 -5.07954
252.523 -5.07599
253.589 -5.0729
254.654 -5.07179
255.72 -5.07093
256.785 -5.07029
257.851 -5.06983
258.917 -5.06453
259.982 -5.05412
261.047 -5.04309
262.113 -5.02254
263.178 -5.00478
264.244 -4.99227
265.31 -4.97936
266.375 -4.9571
267.44 -4.93768
268.506 -4.92015
269.572 -4.9003
270.637 -4.88213
271.703 -4.86306
272.768 -4.84048
273.833 -4.82326
274.899 -4.80886
275.965 -4.78825
277.03 -4.77537
278.095 -4.7696
279.161 -4.76231
280.227 -4.75814
281.292 -4.75521
282.358 -4.75837
283.423 -4.76778
284.488 -4.77558
285.554 -4.78216
286.62 -4.78952
287.685 -4.79968
288.75 -4.80983
289.816 -4.82214
290.882 -4.84389
291.947 -4.85783
293.013 -4.86966
294.078 -4.88664
295.143 -4.90129
296.209 -4.921
297.275 -4.93843
298.34 -4.95945
299.405 -4.97844
300.471 -4.99802
301.536 -5.01917
302.602 -5.04127
303.668 -5.06544
304.733 -5.09288
305.798 -5.11997
306.864 -5.14972
307.93 -5.17862
308.995 -5.20646
310.06 -5.23961
311.126 -5.28142
312.191 -5.31896
313.257 -5.36079
314.323 -5.40565
315.388 -5.4408
316.453 -5.47965
317.519 -5.52748
318.585 -5.56836
319.65 -5.61265
320.716 -5.65424
321.781 -5.70355
322.846 -5.74637
323.912 -5.79816
324.978 -5.84821
326.043 -5.90066
327.108 -5.95481
328.174 -6.01004
329.24 -6.05577
330.305 -6.10761
331.371 -6.16485
332.436 -6.22032
333.501 -6.27347
334.567 -6.33197
335.633 -6.38873
336.698 -6.45159
337.763 -6.5187
338.829 -6.58675
339.895 -6.65913
340.96 -6.72614
342.026 -6.78278
343.091 -6.83357
344.156 -6.88603
345.222 -6.93946
346.288 -6.9982
347.353 -7.06185
348.418 -7.12359
349.484 -7.18318
350.549 -7.24692
351.615 -7.31302
352.681 -7.37476
353.746 -7.44191
354.811 -7.51282
355.877 -7.5877
356.943 -7.66864
358.008 -7.75301
359.073 -7.83836
360.139 -7.92729
361.204 -8.01093
362.27 -8.08511
363.336 -8.16021
364.401 -8.23499
365.466 -8.30485
366.532 -8.38329
367.598 -8.46756
368.663 -8.54854
369.728 -8.63029
370.794 -8.71687
371.859 -8.80264
372.925 -8.88354
373.991 -8.97028
375.056 -9.0572
376.121 -9.14865
377.187 -9.2392
378.253 -9.32838
379.318 -9.41397
380.384 -9.50026
381.449 -9.5849
382.514 -9.66545
383.58 -9.75428
384.646 -9.84248
385.711 -9.93448
386.776 -10.0282
387.842 -10.1233
388.908 -10.2163
389.973 -10.3134
391.039 -10.4162
392.104 -10.5198
393.169 -10.6293
394.235 -10.7354
395.301 -10.8415
396.366 -10.9481
397.431 -11.0487
398.497 -11.1401
399.562 -11.2352
400.628 -11.3353
401.694 -11.4289
402.759 -11.5306
403.824 -11.6422
404.89 -11.7508
405.956 -11.8587
407.021 -11.9679
408.086 -12.0737
409.152 -12.1816
410.217 -12.2936
411.283 -12.4019
412.349 -12.5154
413.414 -12.6362
414.479 -12.7505
415.545 -12.8657
416.611 -12.9826
417.676 -13.0968
418.741 -13.2126
419.807 -13.3307
420.872 -13.4486
421.938 -13.5657
423.004 -13.6827
424.069 -13.8038
425.134 -13.9168
426.2 -14.034
427.266 -14.1545
428.331 -14.2728
429.397 -14.3963
430.462 -14.523
431.527 -14.6459
432.593 -14.7694
433.659 -14.8947
434.724 -15.0163
435.789 -15.1372
436.855 -15.2666
437.921 -15.3909
438.986 -15.5182
440.052 -15.6546
441.117 -15.7838
442.182 -15.9106
443.248 -16.0428
444.314 -16.1673
445.379 -16.2867
446.444 -16.4105
447.51 -16.5331
448.576 -16.6474
449.641 -16.7474
450.707 -16.8381
451.772 -16.9056
452.837 -16.9635
453.903 -17.0096
454.969 -17.0361
454.969 -17.0361
454.969 -17.0361
454.969 -17.0361
454.969 -17.0361
454.969 -17.0361
454.969 -17.0361
454.969 -17.0361
454.969 -17.0361
454.969 -17.0361
454.969 -17.0361
454.969 -17.0361
454.969 -17.0361
454.969 -17.0361
454.969 -17.0361
454.969 -17.0361
454.969 -17.0361
454.969 -17.0361
454.969 -17.0361
454.969 -17.0361
454.969 -17.0361
454.969 -17.0361
454.969 -17.0361
454.969 -17.0361
454.969 -17.0361
454.969 -17.0361
454.969 -17.0361
454.969 -17.0361
454.969 -17.0361
454.969 -17.0361
454.969 -17.0361
454.969 -17.0361
454.969 -17.0361
454.969 -17.0361
454.969 -17.0361
454.969 -17.0361
454.969 -17.0361
454.969 -17.0361
454.969 -17.0361
454.969 -17.0361
454.969 -17.0361
454.969 -17.0361
454.969 -17.0361
454.969 -17.0361
454.969 -17.0361
454.969 -17.0361
454.969 -17.0361
454.969 -17.0361
454.969 -17.0361
454.969 -17.0361
454.969 -17.0361
454.969 -17.0361
454.969 -17.0361
454.969 -17.0361
454.969 -17.0361
454.969 -17.0361
454.969 -17.0361
454.969 -17.0361
454.969 -17.0361
454.969 -17.0361
454.969 -17.0361
454.969 -17.0361
454.969 -17.0361
454.969 -17.0361
454.969 -17.0361
454.969 -17.0361
454.969 -17.0361
454.969 -17.0361
454.969 -17.0361
454.969 -17.0361
454.969 -17.0361
454.969 -17.0361
454.969 -17.0361
454.969 -17.0361
454.969 -17.0361
454.969 -17.0361
454.969 -17.0361
454.969 -17.0361
454.969 -17.0361
454.969 -17.0361
454.969 -17.0361
454.969 -17.0361
454.969 -17.0361
454.969 -17.0361
454.969 -17.0361
454.969 -17.0361
454.969 -17.0361
454.969 -17.0361
454.969 -17.0361
454.969 -17.0361
454.969 -17.0361
454.969 -17.0361
454.969 -17.0361
454.969 -17.0361
454.969 -17.0361
454.969 -17.0361
454.969 -17.0361
454.969 -17.0361
454.969 -17.0361
454.969 -17.0361
454.969 -17.0361
454.969 -17.0361
454.969 -17.0361
454.969 -17.0361
454.969 -17.0361
454.969 -17.0361
454.969 -17.0361
454.969 -17.0361
454.969 -17.0361
454.969 -17.0361
454.969 -17.0361
454.969 -17.0361
454.969 -17.0361
454.969 -17.0361
454.969 -17.0361
454.969 -17.0361
454.969 -17.0361
454.969 -17.0361
454.969 -17.0361
454.969 -17.0361
454.969 -17.0361
454.969 -17.0361
454.969 -17.0361
454.969 -17.0361
454.969 -17.0361
454.969 -17.0361
454.969 -17.0361
454.969 -17.0361
454.969 -17.0361
454.969 -17.0361
454.969 -17.0361
454.969 -17.0361
454.969 -17.0361
454.969 -17.0361
454.969 -17.0361
454.969 -17.0361
454.969 -17.0361
454.969 -17.0361
454.969 -17.0361
454.969 -17.0361
454.969 -17.0361
454.969 -17.0361
454.969 -17.0361
454.969 -17.0361
454.969 -17.0361
454.969 -17.0361
454.969 -17.0361
454.969 -17.0361
454.969 -17.0361
454.969 -17.0361
454.969 -17.0361
454.969 -17.0361
454.969 -17.0361
454.969 -17.0361
454.969 -17.0361
454.969 -17.0361
454.969 -17.0361
454.969 -17.0361
454.969 -17.0361
454.969 -17.0361
454.969 -17.0361
454.969 -17.0361
454.969 -17.0361
454.969 -17.0361
454.969 -17.0361
454.969 -17.0361
454.969 -17.0361
454.969 -17.0361
454.969 -17.0361
454.969 -17.0361
454.969 -17.0361
454.969 -17.0361
454.969 -17.0361
454.969 -17.0361
454.969 -17.0361
454.969 -17.0361
454.969 -17.0361
454.969 -17.0361
454.969 -17.0361
454.969 -17.0361
454.969 -17.0361
454.969 -17.0361
454.969 -17.0361
454.969 -17.0361
454.969 -17.0361
454.969 -17.0361
454.969 -17.0361
454.969 -17.0361
454.969 -17.0361
454.969 -17.0361
454.969 -17.0361
454.969 -17.0361
454.969 -17.0361
454.969 -17.0361
454.969 -17.0361
454.969 -17.0361
454.969 -17.0361
454.969 -17.0361
454.969 -17.0361
454.969 -17.0361
454.969 -17.0361
454.969 -17.0361
454.969 -17.0361
454.969 -17.0361
454.969 -17.0361
454.969 -17.0361
454.969 -17.0361
454.969 -17.0361
454.969 -17.0361
454.969 -17.0361
454.969 -17.0361
454.969 -17.0361
454.969 -17.0361
454.969 -17.0361
454.969 -17.0361
454.969 -17.0361
454.969 -17.0361
454.969 -17.0361
454.969 -17.0361
454.969 -17.0361
454.969 -17.0361
454.969 -17.0361
454.969 -17.0361
454.969 -17.0361
454.969 -17.0361
454.969 -17.0361
454.969 -17.0361
454.969 -17.0361
454.969 -17.0361
454.969 -17.0361
454.969 -17.0361
454.969 -17.0361
454.969 -17.0361
454.969 -17.0361
454.969 -17.0361
454.969 -17.0361
454.969 -17.0361
454.969 -17.0361
454.969 -17.0361
454.969 -17.0361
454.969 -17.0361
454.969 -17.0361
454.969 -17.0361
454.969 -17.0361
454.969 -17.0361
454.969 -17.0361
454.969 -17.0361
454.969 -17.0361
454.969 -17.0361
454.969 -17.0361
454.969 -17.0361
454.969 -17.0361
454.969 -17.0361
454.969 -17.0361
454.969 -17.0361
454.969 -17.0361
454.969 -17.0361
454.969 -17.0361
454.969 -17.0361
454.969 -17.0361
454.969 -17.0361
454.969 -17.0361
454.969 -17.0361
454.969 -17.0361
454.969 -17.0361
454.969 -17.0361
454.969 -17.0361
454.969 -17.0361
454.969 -17.0361
454.969 -17.0361
454.969 -17.0361
